0 0 0 6 0 0 4 0 0
7 0 0 0 0 3 6 0 0
0 0 0 0 9 1 0 8 0
0 0 0 0 0 0 0 0 0
0 5 0 1 8 0 0 0 3
0 0 0 3 0 6 0 4 5
0 4 0 2 0 0 0 6 0
9 0 3 0 0 0 0 0 0
0 2 0 0 0 0 1 0 0

INCORRECT SOLN FROM ALG:

[[3 9 8 6 7 2 4 5 1]
 [7 1 5 8 4 3 6 9 2]
 [4 6 2 5 9 1 3 8 7]
 [2 3 9 7 5 4 8 1 6]
 [6 5 4 1 8 9 7 2 3]
 [8 7 1 3 2 6 9 4 5]
 [1 4 7 2 3 5 8 6 9]
 [9 8 3 4 1 7 5 7 2]
 [5 2 7 9 6 8 1 3 4]]


1 0 0 4 8 9 0 0 6
7 3 0 0 0 0 0 4 0
0 0 0 0 0 1 2 9 5
0 0 7 1 2 0 6 0 0
5 0 0 7 0 3 0 0 8
0 0 6 0 9 5 7 0 0
9 1 4 6 0 0 0 0 0
0 2 0 0 0 0 0 3 7
8 0 0 5 1 2 0 0 4

CORRECT SOLUTION:

[[1 5 2 4 8 9 3 7 6]
 [7 3 9 2 5 6 8 4 1]
 [4 6 8 3 7 1 2 9 5]
 [3 8 7 1 2 4 6 5 9]
 [5 9 1 7 6 3 4 2 8]
 [2 4 6 8 9 5 7 1 3]
 [9 1 4 6 3 7 5 8 2]
 [6 2 5 9 4 8 1 3 7]
 [8 7 3 5 1 2 9 6 4]]